SET datestyle = dmy;

 
 
INSERT INTO Movie_Clasification (Clasification, Description) VALUES
('G', 'General Audiences'),
('PG', 'Parental Guidance Suggested'),
('PG-13', 'Parents Strongly Cautioned'),
('R', 'Restricted'),
('NC-17', 'Adults Only');


INSERT INTO Movie (Billboard_status, Original_name, Traduced_name, Duration, Director, 	Id_clasification, Image) VALUES
(TRUE, 'Venom', 'Venom', 112, 'Ruben Fleischer', 3, 'www'),
(TRUE, 'Black Panther', 'Pantera Negra', 134, 'Ryan Coogler', 3, 'www'),
(FALSE, 'Deadpool 2', 'Deadpool 2', 119, 'David Leitch', 4, 'www'),
(FALSE, 'Deadpool', 'Deadpool', 109, 'Tim Miller', 4, 'www'),
(FALSE, 'Titanic', 'Titanic', 195, 'James Cameron', 3, 'www'),
(FALSE, 'Avatar', 'Avatar', 162, 'James Cameron', 3, 'www'),
(FALSE, 'Pursuit of Happiness', 'En busca de la felicidad', 117, 'Gabriele Muccino', 3, 'www');



INSERT INTO Movie_Theater(Name, Ubication) VALUES
('Cinemark', 'Multiplaza Curridabat'),
('Cinemark', 'City Mall'),
('Cinepolis', 'Paseo Metrópoli');


INSERT INTO Movie_Room(Capacity, Name, Id_movie_theater) VALUES
(40, 'Sala 1-A' ,1),
(60, 'Sala 2-A' ,1),
(40, 'Sala 1-B' ,2),
(60, 'Sala 2-B' ,2),
(40, 'Sala 1-C' ,3),
(60, 'Sala 2-C' ,3);

INSERT INTO Projection (Hour, Date, Price, Id_movie, Id_movie_room) VALUES		
('17:30', '25/11/18', 2500, 1, 1),
('17:30', '25/11/18', 3000, 2, 2),
('20:00', '25/11/18', 2500, 1, 2),
('20:00', '25/11/18', 3000, 2, 1),

('17:00', '25/11/18', 2800, 1, 3),
('17:30', '25/11/18', 3000, 2, 4),
('20:30', '25/11/18', 2800, 1, 4),
('20:00', '25/11/18', 3000, 2, 3),

('16:30', '25/11/18', 2500, 1, 5),
('17:30', '25/11/18', 2800, 2, 6),
('20:00', '25/11/18', 2500, 1, 6),
('20:00', '25/11/18', 2800, 2, 5);


INSERT INTO Actors(Name, Lastname) VALUES
--Venom
('Tom', 'Hardy'),
('Michelle', 'Williams'),
('Riz', 'Ahmed'), 
('Scott', 'Haze'),
('Reid', 'Scott'), 
('Jenny', 'Slate'),
('Peggy', 'Lu'), 
('Sope', 'Aluko'), 
('Wayne', 'Pére'),
('Michelle', 'Lee'), 
('Vickie', 'Eng'), 
('Zeva', 'DuVall'),
--BlackPanther
('Michael','Jordan'),
('Lupita','Nyong o'),
('Danai','Gurira'),
('Martin','Freeman'),
('Daniel','Kaluuya'), 
('Florence','Kasumba'),
('Andy','Serkis'), 
--Deadpool
('Ryan','Reynolds'),  --dead2
('Morena','Baccarin'), --dead2
('Ed','Skrein'),
('Gina','Carano'),
('Brianna','Hildebrand'), --dead2
('Leslie','Uggams'),	--dead2
('Karan','Soni'), 
--Deadpool2
('Julian', 'Dennison'),
('Josh', 'Brolin'),
('Stefan', 'Kapičić'), 
('Shioli', 'Kutsuna'),
--Titanic
('Leonardo','DiCaprio'),
('Kate','Winslet'), 
('Billy','Zane'), 
('Frances','Fisher'),
('Gloria','Stuart'), 
('Bill','Paxton'),
('Kathy','Bates'), 
('Victor','Garber'),
--Avatar
('Sam', 'Worthington'),
('Zoe', 'Saldana'),
('Stephen', 'Lang'),
('Sigourney', 'Weaver'),
('Michelle', 'Rodriguez'),
--Pirsuitofhappines
('Will', 'Smith'),
('Jaden', 'Smith'), 
('Thandie', 'Newton'), 
('Brian', 'Howe'), 
('Dan', 'Castellaneta'), 
('James', 'Karen'), 
('Kurt', 'Fuller'),
('Takayo', 'Fischer'); 

INSERT INTO Actors_Movie(Id_actor, Id_movie) VALUES
(1,1),
(2,1),
(3,1),
(4,1),
(5,1),
(6,1),
(7,1),
(8,1),
(9,1),
(10,1),
(11,1),
(12,1),
(13,2),
(14,2),
(15,2),
(16,2),
(17,2),
(18,2),
(19,2),
(20,3),
(21,3),
(22,3),
(23,3),
(24,3),
(25,3),
(26,3),
(27,3),
(20,4),
(21,4),
(24,4),
(25,4),
(27,4),
(28,4),
(29,4),
(30,4),
(31,5),
(32,5),
(33,5),
(34,5),
(35,5),
(36,5),
(37,5),
(38,5),
(39,6),
(40,6),
(41,6),
(42,6),
(43,6),
(44,7),
(45,7),
(46,7),
(47,7),
(48,7),
(49,7),
(50,7),
(51,7);


INSERT INTO Seat(Rows, Columns, Id_movie_room) VALUES
--SALA 1
(1,1,1),	
(1,2,1),
(1,3,1),
(1,4,1),
(1,5,1),
(1,6,1),
(1,7,1),
(1,8,1),	
(2,1,1),	
(2,2,1),
(2,3,1),
(2,4,1),
(2,5,1),
(2,6,1),
(2,7,1),
(2,8,1),	
(3,1,1),	
(3,2,1),
(3,3,1),
(3,4,1),
(3,5,1),
(3,6,1),
(3,7,1),
(3,8,1),
(4,1,1),	
(4,2,1),
(4,3,1),
(4,4,1),
(4,5,1),
(4,6,1),
(4,7,1),
(4,8,1),	
(5,1,1),	
(5,2,1),
(5,3,1),
(5,4,1),
(5,5,1),
(5,6,1),
(5,7,1),
(5,8,1),	

--SALA 2
(1,1,2),	
(1,2,2),
(1,3,2),
(1,4,2),
(1,5,2),
(1,6,2),
(1,7,2),
(1,8,2),	
(2,1,2),	
(2,2,2),
(2,3,2),
(2,4,2),
(2,5,2),
(2,6,2),
(2,7,2),
(2,8,2),	
(3,1,2),	
(3,2,2),
(3,3,2),
(3,4,2),
(3,5,2),
(3,6,2),
(3,7,2),
(3,8,2),
(4,1,2),	
(4,2,2),
(4,3,2),
(4,4,2),
(4,5,2),
(4,6,2),
(4,7,2),
(4,8,2),	
(5,1,2),	
(5,2,2),
(5,3,2),
(5,4,2),
(5,5,2),
(5,6,2),
(5,7,2),
(5,8,2),	
(6,1,2),	
(6,2,2),
(6,3,2),
(6,4,2),
(6,5,2),
(6,6,2),
(6,7,2),
(6,8,2),
(7,1,2),	
(7,2,2),
(7,3,2),
(7,4,2),
(7,5,2),
(7,6,2),
(7,7,2),
(7,8,2),
(8,3,2),
(8,4,2),
(8,5,2),
(8,6,2),

--SALA 3
(1,1,3),	
(1,2,3),
(1,3,3),
(1,4,3),
(1,5,3),
(1,6,3),
(1,7,3),
(1,8,3),	
(2,1,3),	
(2,2,3),
(2,3,3),
(2,4,3),
(2,5,3),
(2,6,3),
(2,7,3),
(2,8,3),	
(3,1,3),	
(3,2,3),
(3,3,3),
(3,4,3),
(3,5,3),
(3,6,3),
(3,7,3),
(3,8,3),
(4,1,3),	
(4,2,3),
(4,3,3),
(4,4,3),
(4,5,3),
(4,6,3),
(4,7,3),
(4,8,3),	
(5,1,3),	
(5,2,3),
(5,3,3),
(5,4,3),
(5,5,3),
(5,6,3),
(5,7,3),
(5,8,3),	


--SALA 4
(1,1,4),	
(1,2,4),
(1,3,4),
(1,4,4),
(1,5,4),
(1,6,4),
(1,7,4),
(1,8,4),	
(2,1,4),	
(2,2,4),
(2,3,4),
(2,4,4),
(2,5,4),
(2,6,4),
(2,7,4),
(2,8,4),	
(3,1,4),	
(3,2,4),
(3,3,4),
(3,4,4),
(3,5,4),
(3,6,4),
(3,7,4),
(3,8,4),
(4,1,4),	
(4,2,4),
(4,3,4),
(4,4,4),
(4,5,4),
(4,6,4),
(4,7,4),
(4,8,4),	
(5,1,4),	
(5,2,4),
(5,3,4),
(5,4,4),
(5,5,4),
(5,6,4),
(5,7,4),
(5,8,4),	
(6,1,4),	
(6,2,4),
(6,3,4),
(6,4,4),
(6,5,4),
(6,6,4),
(6,7,4),
(6,8,4),
(7,1,4),	
(7,2,4),
(7,3,4),
(7,4,4),
(7,5,4),
(7,6,4),
(7,7,4),
(7,8,4),
(8,3,4),
(8,4,4),
(8,5,4),
(8,6,4),

--SALA 5
(1,1,5),	
(1,2,5),
(1,3,5),
(1,4,5),
(1,5,5),
(1,6,5),
(1,7,5),
(1,8,5),	
(2,1,5),	
(2,2,5),
(2,3,5),
(2,4,5),
(2,5,5),
(2,6,5),
(2,7,5),
(2,8,5),	
(3,1,5),	
(3,2,5),
(3,3,5),
(3,4,5),
(3,5,5),
(3,6,5),
(3,7,5),
(3,8,5),
(4,1,5),	
(4,2,5),
(4,3,5),
(4,4,5),
(4,5,5),
(4,6,5),
(4,7,5),
(4,8,5),	
(5,1,5),	
(5,2,5),
(5,3,5),
(5,4,5),
(5,5,5),
(5,6,5),
(5,7,5),
(5,8,5),	

--SALA 6
(1,1,6),	
(1,2,6),
(1,3,6),
(1,4,6),
(1,5,6),
(1,6,6),
(1,7,6),
(1,8,6),	
(2,1,6),	
(2,2,6),
(2,3,6),
(2,4,6),
(2,5,6),
(2,6,6),
(2,7,6),
(2,8,6),	
(3,1,6),	
(3,2,6),
(3,3,6),
(3,4,6),
(3,5,6),
(3,6,6),
(3,7,6),
(3,8,6),
(4,1,6),	
(4,2,6),
(4,3,6),
(4,4,6),
(4,5,6),
(4,6,6),
(4,7,6),
(4,8,6),	
(5,1,6),	
(5,2,6),
(5,3,6),
(5,4,6),
(5,5,6),
(5,6,6),
(5,7,6),
(5,8,6),	
(6,1,6),	
(6,2,6),
(6,3,6),
(6,4,6),
(6,5,6),
(6,6,6),
(6,7,6),
(6,8,6),
(7,1,6),	
(7,2,6),
(7,3,6),
(7,4,6),
(7,5,6),
(7,6,6),
(7,7,6),
(7,8,6),
(8,3,6),
(8,4,6),
(8,5,6),
(8,6,6);


INSERT INTO Bill(Date, Quantity, Id_client, Id_projection) VALUES
('25/11/18', 5, 1, 1),
('25/11/18', 1, 2, 2),
('25/11/18', 2, 3, 3),
('25/11/18', 8, 4, 4),
('25/11/18', 3, 5, 5),
('25/11/18', 4, 6, 6),
('25/11/18', 5, 7, 7),
('25/11/18', 6, 8, 8),
('25/11/18', 1, 9, 9),
('25/11/18', 5, 10, 10),
('25/11/18', 6, 11, 11),
('25/11/18', 3, 12, 12);


INSERT INTO Seat_Reservation(Status, Id_seat, Id_projection, Id_bilL) VALUES
(3, 1, 1, 1),
(3, 12, 1, 1),
(3, 23, 1, 1),
(3, 34, 1, 1),
(3, 13, 1, 1),

(3, 79, 2, 2),

(3, 90, 3, 3),
(3, 91, 3, 3),

(3, 14, 4, 4),
(3, 15, 4, 4),
(3, 16, 4, 4),
(3, 25, 4, 4),
(3, 26, 4, 4),
(3, 5, 4, 4),
(3, 6, 4, 4),
(3, 7, 4, 4),

(3, 115, 5, 5),
(3, 126, 5, 5),
(3, 137, 5, 5),

(3, 162, 6, 6),
(3, 200, 6, 6),
(3, 141, 6, 6),
(3, 171, 6, 6),

(3, 156, 7, 7),
(3, 167, 7, 7),
(3, 176, 7, 7),
(3, 187, 7, 7),
(3, 197, 7, 7),

(3, 116, 8, 8),
(3, 137, 8, 8),
(3, 126, 8, 8),
(3, 138, 8, 8),
(3, 127, 8, 8),
(3, 107, 8, 8),

(3, 225, 9, 9),

(3, 243, 10, 10),
(3, 244, 10, 10),
(3, 245, 10, 10),
(3, 246, 10, 10),
(3, 247, 10, 10),

(3, 247, 11, 11),
(3, 265, 11, 11),
(3, 299, 11, 11),
(3, 271, 11, 11),
(3, 272, 11, 11),
(3, 285, 11, 11),

(3, 231, 12, 12),
(3, 232, 12, 12),
(3, 233, 12, 12);





